0.45 5
0.69 2
0.93 4
1.17 2
1.41 5
1.65 2
1.89 6
2.13 2
2.37 5
2.61 1
2.85 4
3.09 1
3.33 5
3.57 1
3.81 6
4.05 1
4.29 5
4.53 2
4.77 4
5.01 2
5.25 5
5.49 2
5.73 6
5.97 2
6.21 5
6.45 3
6.69 4
6.93 3
7.17 5
7.41 3
7.65 6
7.89 3
8.13 2 1.92
8.13 5
8.61 4
9.09 5
9.57 6
10.05 1 1.92
10.05 5
10.53 4
11.01 5
11.49 6
11.97 2 1.92
11.97 5
12.45 4
12.93 5
13.41 6
13.89 3 1.92
13.89 4 0.96
14.85 5 0.96
15.85 2 0.96
16.81 3 0.96
17.77 4 0.96
18.73 5 0.96
19.69 3 0.96
20.65 4 0.96
21.61 5 0.96
22.57 6 0.95
23.52 5
23.52 3 3.35
24.00 4
24.48 5
24.96 6
25.44 5
25.92 6
26.40 5
26.87 4
26.87 2
27.33 5
27.33 1 3.35
27.81 4
28.29 5
28.77 6
29.25 5
29.73 6
30.21 5
30.69 4
31.17 2
32.37 1
32.61 2
32.85 3
33.09 2
34.53 5
35.01 5
35.25 1
35.49 2
35.73 3
36.45 6
36.93 6
38.37 4
38.61 5
38.85 1
39.33 2
39.81 3
40.28 6
40.76 5
41.74 4
42.70 4
42.94 1
43.18 2
43.42 3
43.42 4
45.54 1
46.02 2
46.50 3 1.44
47.94 5
48.42 5 1.44
49.87 4
50.35 4
51.07 5
51.79 2
52.27 3 1.44
53.72 5
54.20 1
54.20 4
55.16 3
55.16 6
56.12 2
56.12 5
57.08 1
57.08 4
58.04 1 0.96
58.04 4 0.96
59.00 3 0.96
59.00 6 0.96
59.96 2 0.96
59.96 5 0.96
60.92 3 0.96
60.92 6 0.96
61.95 4
61.95 1
62.19 1
62.43 1
62.67 1
62.91 1
63.15 1
63.39 6
63.39 1
63.63 1
63.87 5
63.87 1
64.11 1
64.35 1
64.59 1
64.83 5
64.83 2
65.07 2
65.31 6
65.31 2
65.55 2
65.79 5
65.79 2
66.03 2
66.27 2
66.51 2
66.75 6
66.75 2
66.99 2
67.23 5
67.23 2
67.47 2
67.71 4
67.71 2
67.95 2
68.19 2
68.43 2
68.67 6
68.67 1
68.91 1
69.15 5
69.15 1
69.39 1
69.63 4
69.63 1
69.87 1
70.11 1
70.35 1
70.59 4
70.59 1
70.83 1
71.07 5
71.07 1
71.31 1
71.55 6
71.55 1
71.79 1
72.03 1
72.27 1
72.51 5
72.51 2
72.75 2
72.99 2
73.23 2
73.47 6
73.47 2
73.71 2
73.95 5
73.95 2
74.19 2
74.43 4
74.43 2
74.67 2
74.91 3
74.91 2
75.15 2
75.39 4
75.39 2
75.63 2
75.87 2
76.11 2
76.35 2
76.59 2
76.83 4
77.07 5
77.31 6
77.31 1
77.55 1
77.79 1
78.03 1
78.27 1
78.51 1
78.75 6
78.75 1
78.99 1
79.23 5
79.23 1
79.47 1
79.71 1
79.95 1
80.19 6
80.19 2
80.43 2
80.67 2
80.91 2
81.15 5
81.15 2
81.39 2
81.63 2
81.87 2
82.11 4
82.11 2
82.35 2
82.59 2
82.83 2
83.07 3
83.07 2
83.31 2
83.55 2
83.79 2
84.03 2
84.27 2
84.51 3
84.51 1
84.75 4
84.75 1
84.99 5
84.99 1
85.23 1
85.47 1
85.71 1
85.95 1
86.19 1
86.43 4
86.43 1
86.67 5
86.67 1
86.91 6
86.91 1
87.15 1
87.39 1
87.63 1
87.87 5
87.87 1
88.11 1
88.35 1
88.59 1
88.83 4
88.83 1
89.07 1
89.31 1
89.55 1
89.79 3
89.79 1
90.03 1
90.27 1
90.51 1
90.75 4
90.99 1
91.23 2
91.47 3
91.71 5
91.95 1
92.19 2
92.43 3
92.67 5
92.91 1
93.15 2
93.39 3
93.63 6
93.87 1
94.11 2
94.35 3
94.59 4
94.83 1
95.07 2
95.31 3
95.55 5
95.79 1
96.03 2
96.27 3
96.51 4
96.51 5
96.75 1
96.99 2
97.23 3
97.47 5
97.47 6
97.71 1
97.95 2
98.19 3
98.43 6 1.92
100.35 4 1.92
102.27 1 1.92
104.19 2 1.92
106.11 3 3.5
106.11 4 3.5
109.95 3 3.84
109.95 4 3.84