1.0 4
1.15 5
1.3 6
1.8 3
2.2 2
2.5 1
2.88 2
3.25 3
5.75 4
5.875 5
6.0 6
8.0 3
8.075 2
8.15 1
11.25 6
11.375 5
11.5 4
11.8 1
12.0 2
12.25 3
12.6 2
13.0 1
14.85 4
15.5 6
15.625 5
15.75 4
17.7 1
17.8 2
17.9 3
19.34 4
20.6 1
20.7 2
20.8 3
20.9 4
21.1 5
21.5 6
21.9 5
22.5 2
23.1 6
23.45 1
23.75 3
23.75 4
24.3 4
24.35 5
24.4 6
24.4 1
25.1 5
25.5 2
25.9 4
26.3 3
26.7 1
27.1 2
27.35 3
27.58 4
27.9 5
28.24 6
29.325 2
29.325 5
29.638 1
29.638 4
29.951 2
29.951 5
30.264 3
30.264 6
30.577 2
30.89 1
31.203 2
31.203 5
31.516 1
31.516 4
31.829 2
31.829 5
32.142 3
32.142 6
32.455 2
32.768 1
33.081 2
33.081 5
33.394 1
33.394 4
33.707 2
33.707 5
34.02 3
34.02 6
34.333 2
34.646 1
34.959 3
34.959 3
35.585 2
36.211 1
34.959 6
35.585 5
36.211 4
36.837 2
36.837 5
37.15 1
37.15 4
37.463 2
37.463 5
37.776 3
37.776 6
38.089 2
38.402 1
38.715 2
38.715 5
39.028 1
39.028 4
39.341 2
39.341 5
39.654 3
39.654 6
39.967 2
40.3 1
40.8 2
40.9 3
41.0 4
41.1 5
41.2 6